CIRCLE   3002.558981   -2255.844109   -701.561920
CIRCLE1   3015.156970   -2248.152483   -701.501264
CIRCLE2   3033.478382   -2249.018168   -701.439366
CIRCLE3   3045.642963   -2258.347004   -701.383310
CIRCLE4   3051.060469   -2272.413883   -701.298496
CIRCLE5   3046.698863   -2290.427771   -701.264840
CIRCLE6   3033.513739   -2301.316014   -701.319510
CIRCLE7   3017.808886   -2302.833599   -701.424665
CIRCLE8   3004.338532   -2296.089533   -701.506446
CIRCLE9   2995.256559   -2277.631004   -701.576391
